best_model_epoch: 3712, MSE: 0.0007, R2: 0.9206,MAE: 0.002792154038359751,MAPE: 0.6012404104619296, opt: Adam
Hyperparameters: 
  - test_size: 0.4
  - batch_size: 16
  - d_model: 512
  - dropout: 0.2
  - nhead: 16
  - nlayers: 4
  - d_ff: 128
  - epochs: 6000
  - learning_rate: 0.003
